000334675 NDP
000430086
0
1 2.5 2.5
6
2 7.5
000454479
0
1
3
2 1.5 0.5 4.5
000459725
1
0
0 5.5
0 3.5
000459826 NDP
000463483 NDP
000464351 NDP
000464353 10
000468899 NDP
000471298
0
0 3.5
2
6
1
7
000473786
0
1
5
4
2
1 7.5
000473794 17
000474367
0
0 6.5
3
1 2.5 7.5
000474642
1
0
0
0
1
0
1
000474643 NDP
000474709 NDP
000474805 NDP
000474809
1
0
0
2 0.5
0
2
000474930 NDP
000475593 NDP
000475620
1
4
0
3
1
5 7.5
000475829
4
3
4 2.5
4
5 12
000475837
0
1 0.5
0
1
0 1.5
000475843
1
4
4
2 5.5
6 12
000476528
2
0
1
2
2
5 6.5
000477794 NDP
000478154
1
0
0
0
0
0 0.5
000480122
1
4
0 3.5
3
6
9
000480224
0
4
3
5 4.5
6 12
000480352
4
1 4.5
2 0.5 0.5
7
000480843
0
0
0
0 1.5
1
000487991
0
0 2.5
3
3 5.5 7.5
000489196
4
1
0
6
0
0
6
000489573 NDP
000489755
1
0
0
2
3
0
3
000491326
1
3 10 5.5
3
6 16
000491768
2
4
7
7
1
5 14.5
000492914 NDP
000493190
0 2.5
4
2
6 1.5
9
000493192
1
1
1
0
0
0 1.5
000493194
2
0
5
5
3
5 11
000493202
1
1
1
3
6 5.5 9.5
000493231
0
4
0 5.5
6
3 9.5
000493237
0 1.5 2.5
4
6 4.5 10
000493290
0
1
6 7.5
0 3.5 10
000493383 NDP
000493388
1
3 9.5 5.5
6 5.5 17
000493435
1
4
5
5
6 4.5 14
000493521
1
2 5.5 5.5
6
4 13
000493627 NDP
000493629
0
1
6
3 2.5
1 7.5
000493677
1
0 5.5 3.5
4
5 10.5
000493709 NDP
000493710
2 3.5
3 3.5
3
2
9
000493714 NDP
000493853
2
3
5
1
2
6 10.5
000493866
1
2
3 4.5
2 2.5
8
000493867
2
1
5
2
6 5.5 12
000493871 11
000493929
1 2.5
0
5 2.5 0.5
6
000493932
2
1
2
3
4
0 6.5
000493955
1
1
0 1.5
1
0 2.5
000494207
3
2 2.5
4
1
6 10
000494309
0
1 2.5
3
0
5 6.5
000494328
3 2.5
2
3
3 2.5 8.5
000494332
1
4
0 0.5
4
5 7.5
000494381
0
3 2.5 0.5
3 5.5
8
000494383
0
1 4.5 5.5
1
5 9.5
000494460
0
3
6 5.5
4
6 13.5
000494470
2 3.5
0
2
3
0 5.5
000494474
0 3.5
6 5.5
6 2.5 13
000494477
0
1
5
2
3
6 9.5
000494484
1
1
2
3
3
1
6
000494505 NDP
000494595
1
2
0
5 1.5
0
5
000494599
1
1 2.5 3.5
3
6
9
000494704
2
0
0
5
3
0 5.5
000494705 NDP
000494732
0
1 5.5
2
3 2.5
8
000494734
2
3
0
1
0
0
3
000494736
0
4
6
5
6 5.5 14.5
000494740
0
1
1 3.5
3 0.5
5
000494745
0
3 5.5
2
3 2.5
9
000495094
1
1 2.5
1
1 0.5
4
000495298 NDP
000495303
0
0
0
0
0
0
0
000495503
0
4
5
4
6 5.5 13.5
000495528
0
3
3 5.5
3
6 11
000495531
1
3
5
8
3
4 13
000495542 1.5
4 5.5 3.5
3
6 13
000495574
0
0
0
0
3
0 1.5
000495605
1
2
5
4
2
6 11
000495889
1
2
2 3.5 2.5
3 7.5
000497625
2
1
3
5
5
5 11.5
000497975 1.5
3 0.5
2 1.5
2 5.5
000498212 NDP
000498312
1
0
0
2 2.5
0
3
000498381 10
000498414
2
1
6
3
4
6 12
000499353 NDP
000499603 1.5
1
0 7.5
3
5 9.5
000499846
0 0.5
1
0 2.5
1 2.5
000499847
0
0
0 2.5
0
0 1.5
000500023
0
0
0
0
2
0
1
000500196 NDP
000500791 NDP
000500899 10
000502059
0
1
3
3
2
4
7
000502703
0
0
0
0
3 5.5 4.5
000503700 NDP
000506307 NDP
000506998
2
4 10 5.5
6 5.5 18.5
000507035
0
3
2 2.5
1
2 5.5
000507131
0
2
4
3
3
6 10
000507862
1
2 2.5 2.5
3
5 8.5
000509523
0
3 3.5 1.5
3
5
9
000509703
2 1.5
0 7.5
1
3
8
000510979
2
2
1
5
3 5.5 10
000511077
2 3.5
8 4.5
4 3.5 14
000511080
2
2
3 1.5
3
6 9.5
000511589
1
4
6
3
2 5.5 12
000511739
2
2
3 5.5
3
4 10.5
000511740
2 3.5
4 3.5
3
0
9
000512406
1
4
0
2
6
0
7
000512435
3
4
0
4
6
1 9.5
000512712
2
2
1 1.5
6 4.5
9
000512823
0
2
5
0 0.5 3.5 6.5
000512824
0
4
0
2
1
1
4
000512825 NDP
000512833
2
3
1 1.5 1.5
1 5.5
000512834
0 3.5
1
1
3 1.5 5.5
000512840
2
3 1.5 7.5 0.5
4 10
000512841
0
4 5.5
3
3
6 12
000512843
2
1
0
0
0
0 1.5
000512845
0
1 2.5 3.5
2
4
7
000512848
2 3.5
5
6 5.5
3 13.5
000512849
1
3 2.5
5
2 3.5
9
000512850
2
3
7 3.5
2 5.5 13
000512853
2 1.5 2.5
0
3
3 6.5
000512856
1 2.5
6 3.5 0.5
5 10.5
000512860
1 3.5 7.5 2.5
0
1
9
000512861
1
4
5 5.5 5.5
6 14.5
000512862
2 3.5 3.5
2
3 5.5 10.5
000512863
1
2
5
3 4.5 3.5 10.5
000512864
1
4
0 5.5
6
6 12
000512885
2
0
0
3
2 4.5
6
000512886
1
0 0.5
0
3
4 4.5
000512888
0
0
2 2.5
3 5.5
7
000512890
0
0 1.5 3.5
4 0.5
5
000512891
0
1
5
2
3 5.5
9
000512893
1
0
2
6 2.5
1
7
000512896
4
4
9
8
6
6 20.5
000512898
1
1
5 2.5
3 4.5 9.5
000512901
3
4 12
5
2 5.5 18
000512948
0
0
0
0
0
0
0
000512951
2
4 5.5
4 2.5
6 13
000512954
0
0
0
0
0
0
0
000512956
1
1 2.5 2.5 5.5
3 8.5
000512957
0
1
4
0
0 0.5 3.5
000512958
1 2.5 1.5
3
0 3.5
6
000512959
1 3.5
6
3
3
6 12.5
000512960
1 3.5
5 3.5
2
2 9.5
000512964
1
2
4
2
2
1 6.5
000512965
1
1
0
2
1
4 4.5
000512968
2
0
0
3
3 0.5 4.5
000512969
0 1.5
0 3.5
2 4.5
6
000512971
1
3 10
7 5.5
6 18
000512972
1 1.5
0
3
2
0
4
000512974 NDP
000512978 NDP
000512980
0
0
3
0
1
2 3.5
000513009
1
3
4
1 2.5
6 9.5
000513021
0
3 2.5 6.5 5.5 5.5 12.5
000513022
2
4
8 2.5 1.5
6 13.5
000513023
1
0
0
3
2
0
3
000513025
0
1
0
0 3.5 0.5 2.5
000513029
0
3
0 5.5
2 5.5 8.5
000513049
2
3
6 3.5
1
4 11
000513058
0
1
6
0 5.5 2.5 8.5
000513060
1
3
5 4.5
6
6 14
000513089
1
1 2.5 0.5
3
1
5
000513156
0
4
2
0
3 3.5
7
000513157
1
0
0
3
1 1.5 3.5
000513158
2 1.5
0
0
3 5.5 6.5
000513160
1
4 1.5
3
6
1
9
000513162
0
1
0
3
2
0
3
000513165
0
0 2.5
1
2
0
3
000513224
2
3 10
3 0.5
5 13.5
000513225
2
4 11 7.5
6
6 20.5
000513227
0
3
5
8
5
0 11.5
000513230
0
4 6.5
2 5.5
1 10.5
000513232
2
4 5.5
2 5.5
2 11.5
000513265
1
1 4.5 2.5
6 4.5 10.5
000513267
0 2.5
0
5
0
0
4
000513281 NDP
000513303
0 1.5 2.5 2.5
3
2 6.5
000513447
3
4
8 5.5
2 5.5 15.5
000513449
1
2
3 3.5 5.5 1.5
9
000513455
0
0 2.5
0
2 4.5
5
000513457
1
0
0
0
6
0 3.5
000513460
1
2
0
3
0
0
3
000513462
1
4 1.5
1 1.5
5 7.5
000513467
0
1
5
3
2
1
7
000513470
0
1 4.5
0
0 0.5 3.5
000513471
2 3.5
3
6
3
6 12.5
000513477
0
0
3
0
2
5 5.5
000513484
0
2 2.5 0.5 5.5 3.5 7.5
000513575 NDP
000513576
2
0
6 2.5 1.5
5 9.5
000513578
1
4
3
5
3 5.5 11.5
000513597 NDP
000513600
0
0
0
0
0
0
0
000513655
2
4
9 3.5
3
6 15.5
000513769
1 0.5 1.5 1.5 5.5
5
8
000513770
1 1.5
5
3
2 3.5
9
000513775
2
4
6 5.5
3
6 14.5
000513778
2
1 2.5
0
3
1 5.5
000513806
2
0
2 2.5 1.5
4 6.5
000513807
0
1 0.5 2.5
0
1 2.5
000513808
0
3
3
2
3
6
9
000513809
2 1.5
6
0
3
6 10.5
000513845
0
0
0 4.5
0
0 2.5
000513848
0
1 5.5
3
6
6 12
000513854
1 2.5
0
3
3
4
7
000513876
0 3.5
4
0
6
2 8.5
000513878
0
0
0
0
1 3.5 2.5
000513879
0
0
0
1 2.5
1 2.5
000513930
1 1.5
4 1.5
3
5
9
000513931
2
2
2 5.5
3
5 10.5
000513939
3
4 12 5.5
6 5.5 20
000513940
0
0
0 2.5
0
0 1.5
000513941
0
0
0
2
0
0
1
000513943
0
1 1.5
0
1
6
5
000513979 NDP
000513980
0
3
6 2.5
2
2
9
000514019
0
1
0 2.5
1 2.5 3.5
000514042
1
2 2.5
3
1 2.5 6.5
000514043
0
4 1.5
3
3 4.5 8.5
000514045
1 1.5
4
2
3 4.5
9
000514046 NDP
000514065
1
1
0 3.5
0
1 3.5
000514067
1
0
1
0
3 4.5
5
000514068
2 1.5 2.5
3
2
2
7
000514072 NDP
000514074
3
3 10
3
5
2 14.5
000514081
0
2
0
8 2.5
2 7.5
000514084
2
4
9
7
6
6 19
000514085
1
3
6
2
1
6 10.5
000514087
3
2
2
3
2
2 7.5
000514088
1
4
7 1.5
3
3 11
000514144
0
4
6
3 5.5
4 12.5
000514146
1
0
0
0
6
0 3.5
000514157
1 3.5
6
3
1
6 11.5
000514158
1
2
3 4.5
3
6 10.5
000514165 NDP
000514169
2
0
0
2
3
6
7
000514171
1
0
0
3
1
2 3.5
000514173
0
0
0
0
2 0.5 1.5
000514174 NDP
000514175
0
2
1
0 2.5
6
6
000514194
1 3.5
3
0
3
2
7
000514197
1
0
0
1
3
0 2.5
000514202
1 1.5
5
2 5.5
5 11
000514203
0 1.5
3 1.5
6
4 8.5
000514233
0
4
6
0
0
5 8.5
000514238
2
1
8
0
5
1 10
000514241
1
0
1
2
0
1 2.5
000514246
1
0
2
3 1.5
1 4.5
000514277
0
3
5
3
6
6 12.5
000514282
1 2.5 10 3.5
6
6 16.5
000514342
1
3 2.5
2
6 3.5 9.5
000514343 NDP
000514345
1
0 0.5 2.5
5
0
5
000514348
0
2
3
0 4.5
1
6
000514349
1
0
0
0
1
0
1
000514352
0
3
5
0
3 1.5
7
000514356
0
0
0
0
0
0 NDP
000514360
1
1
2 1.5
6
0
6
000514367
1
1
3
2
2 4.5 7.5
000514369
1
3
3 2.5
4
6 10.5
000514372
0 3.5 2.5
8
6
6 14
000514373
1
4 10 3.5
6
2 15
000514375 NDP
000514377
1
4 0.5
2 1.5 0.5
5
000514385
0
0
0
3 0.5
1 2.5
000514388 NDP
000514412
1
0
0
0
1
0
1
000514418
3
4
3
2 4.5 2.5 10.5
000514476
1
0 0.5 3.5
6 1.5 6.5
000514481
0
2 3.5
2 5.5
5 10
000514503
1
0
0 1.5 2.5
1
3
000514548
2
1
0 0.5
0
0
2
000514617
0 2.5 5.5
3
1
2
8
000514677
0
2
5
1
1
6 8.5
000514679
0
4
3
3
3
1 7.5
000514686
2
3
0
3 2.5
1
6
000515062
3
1
0 3.5 5.5
5 9.5
000515072
1
3 2.5
6
4
0
9
000515083 NDP
000515093
2
0
9 7.5
3
3 14
000516063
2
3 4.5
0 5.5
6 11.5
000516254
0
0
2 2.5
3
5
7
000517208
1
0
6
1
0
1 5.5
000517455
1 0.5
3
0
3
2 5.5
000517718
2
4
0 2.5 2.5
3 7.5
000518024
3
2
5 5.5
6
6 15
000518585
3
0
5
8 5.5 5.5 14.5
000520074
1
0 1.5
7
0
2
6
000520580 NDP
000520738 NDP
000521670 0.5
1
3
0
0
0 2.5
000521738
1
1 1.5
0
0
0
2
000523662
2 1.5
3
0
6 4.5
9
000523779 NDP
000523839 1.5
0
3
2
0
0 3.5
000523985
0
0
0
1
0
1
1
000524135
0
0 2.5
0
2
1
3
000524191
0
0
2 6.5
3 0.5 6.5
000524220 NDP
000524338
2
2 4.5
3
2 1.5 8.5
000527675 NDP
000000000