494484 P 1.0 4.5 3.5 2.5 3.0 7
514277 P 1.0 0.0 3.5 0.5 1.0 3
514342 P 7.5 6.0 9.5 0.5 6.0 16
513160 P 1.0 4.5 1.5 3.0 4.5 8
513484 P 4.5 3.5 1.0 2.0 0.0 6
495503 P 6.0 5.0 5.0 3.5 3.0 13
514171 P 0.0 5.0 0.5 0.0 1.0 4
494705 P 1.0 0.0 0.0 2.0 1.0 2
514548 P 3.0 0.0 1.0 2.0 3.0 5
509703 P 0.5 0.0 1.0 1.0 0.0 1
514343 P 1.0 1.0 1.0 2.0 3.0 4
512823 P 0.0 0.0 0.0 2.0 0.0 1
459826 CP 0
507035 P 3.5 3.0 3.5 0.0 1.0 6
514372 P 8.0 6.0 8.5 3.0 3.0 16
514081 P 7.0 4.0 3.0 0.5 6.0 11
514019 P 0.5 0.5 3.5 4.0 0.0 5
513156 P 2.5 5.0 3.5 0.5 0.0 6
426169 P 1.5 0.5 1.0 0.5 0.0 2
511739 P 3.0 5.0 4.0 0.0 3.0 8
514238 P 0.5 0.5 0.5 0.5 3.0 3
514042 P 1.0 0.0 0.5 1.5 2.5 3
489755 P 0.0 0.0 0.5 0.0 0.0 0
518585 P 5.0 6.0 8.5 2.0 0.0 12
512712 P 1.5 2.0 0.0 2.5 4.5 6
523779 P 8.0 3.0 1.5 2.0 5.5 11
513930 P 0.0 0.5 1.0 3.5 2.0 4
515072 P 3.0 6.0 0.0 1.0 2.5 7
513157 P 0.0 0.0 0.0 1.5 0.0 1
514476 P 0.0 0.0 0.0 1.0 0.0 1
514345 P 5.5 1.5 0.5 2.0 0.0 5
493709 P 1.0 0.0 0.0 0.0 0.0 1
512824 P 0.0 3.0 4.5 0.5 3.0 6
513224 P 0.0 5.5 2.0 0.0 2.0 5
514157 P 0.0 4.0 3.5 3.0 6.0 9
513845 P 0.5 0.0 0.0 1.5 0.0 1
477794 CP 0
499846 P 1.0 0.0 0.0 0.0 1.0 1
495531 P 1.0 6.0 1.5 1.0 3.0 7
512948 P 0.0 0.0 0.0 0.0 0.0 0
502059 P 7.5 5.0 3.5 1.5 3.0 11
513303 P 5.0 4.0 2.5 2.0 2.5 9
514481 P 1.0 5.0 4.5 1.0 6.0 10
495298 P 1.0 3.0 0.5 2.5 1.0 4
512980 P 0.5 3.5 0.5 1.5 3.0 5
513467 P 0.0 0.0 1.0 0.0 0.0 1
514412 P 1.0 0.0 0.0 1.5 3.0 3
512951 P 0.5 3.0 4.5 2.0 2.0 7
513470 P 1.0 0.0 0.0 2.0 1.5 3
514348 P 0.0 5.0 0.5 1.5 1.5 5
493188 P 2.0 1.0 6.0 2.0 5.5 9
512888 P 2.5 3.0 0.0 1.0 0.0 4
513931 P 0.0 0.0 3.5 2.0 5.0 6
514158 P 6.0 5.0 0.5 2.0 0.0 8
514043 P 0.5 1.0 0.0 0.5 2.0 2
493192 P 1.0 6.0 1.5 2.0 3.0 8
514144 P 3.5 1.0 3.5 4.0 3.0 8
494381 P 1.0 0.0 0.5 0.0 0.0 1
514349 P 5.0 6.0 2.5 2.0 1.0 9
512901 P 7.0 5.0 8.5 1.5 3.0 14
500791 P 0.0 6.0 4.5 1.0 3.0 8
513597 P 8.0 5.0 10.0 4.5 6.0 19
414510 P 8.0 5.0 5.0 1.0 5.0 13
524338 P 5.0 6.0 2.0 1.0 3.0 9
493710 P 8.0 0.0 1.5 0.0 4.0 8
524220 P 0.0 0.0 0.0 0.5 0.0 0
513281 CP 0
516254 P 0.5 3.0 1.5 1.5 3.0 5
493743 P 7.0 3.5 1.5 1.5 5.0 10
499847 P 0.5 0.0 1.5 1.5 0.0 2
512825 CP 0
512856 P 7.0 6.0 3.5 1.5 3.0 12
511589 P 6.0 3.5 10.0 2.0 6.0 15
514352 P 0.5 0.0 1.0 2.5 5.0 5
527675 CP 0
514072 CP 0
492914 CP 0
500196 P 0.0 0.0 0.0 0.0 0.0 0
514677 P 5.5 0.0 5.0 0.5 2.0 7
513227 P 7.5 5.0 3.5 2.5 4.0 13
514385 P 1.0 0.0 1.0 1.0 0.0 2
490418 P 3.0 6.0 0.5 0.0 6.0 9
512954 P 0.0 0.0 0.0 2.5 0.0 1
513058 P 1.5 4.0 2.0 0.5 3.0 6
514282 P 8.0 6.0 7.0 3.5 6.0 17
494460 P 2.5 1.5 8.0 4.5 5.5 12
517718 P 8.0 0.0 10.0 4.5 6.0 16
524191 P 1.0 1.5 1.5 0.5 2.0 4
514241 P 0.5 0.0 2.5 1.0 0.0 2
512890 P 3.0 0.0 0.0 1.0 1.0 3
513848 P 3.0 6.0 0.5 2.0 0.0 6
512898 P 8.0 5.5 1.5 2.0 3.0 11
497975 P 3.5 3.0 0.5 2.5 1.0 6
513225 P 8.0 5.0 7.5 0.5 0.0 12
513979 P 0.0 6.0 0.5 1.0 1.0 5
514065 P 0.5 0.0 0.0 0.0 0.0 0
475593 CP 0
512891 P 0.5 5.0 4.5 1.5 1.0 7
512956 P 8.0 1.0 4.5 2.0 2.0 10
513806 P 1.0 0.0 0.0 0.0 0.5 1
512834 P 8.0 0.0 3.0 2.5 3.0 9
512833 P 0.0 5.0 1.0 2.5 3.0 6
495094 P 0.0 0.0 1.0 1.5 0.0 1
514356 CP 0
512957 P 0.0 0.0 0.0 2.5 3.0 3
513471 P 8.0 5.0 9.5 2.5 6.0 17
474930 CP 0
514194 P 7.0 5.0 4.5 2.0 3.0 12
512860 P 0.5 5.0 2.5 2.0 6.0 9
514084 P 8.0 6.0 7.0 4.5 6.0 18
512958 P 1.5 0.0 0.0 1.5 1.5 3
513980 P 0.0 1.0 4.0 2.5 1.0 5
513807 P 0.0 1.0 0.0 1.5 0.0 1
493866 P 7.0 6.0 4.5 1.0 6.0 14
513575 P 0.5 6.0 0.0 2.0 3.0 6
514085 P 7.0 6.0 2.5 1.5 4.0 12
493627 P 0.5 6.0 2.0 1.5 2.5 6
471298 P 0.5 0.0 0.5 0.0 0.0 1
495303 P 0.0 0.0 0.0 1.5 0.0 1
468899 P 1.5 0.0 1.0 2.0 0.0 3
494463 P 8.0 1.5 10.0 5.0 6.0 17
474805 CP 0
514360 P 1.0 1.5 1.0 2.0 0.5 3
513775 P 5.0 5.0 5.5 1.5 3.0 11
489573 CP 0
499353 P 1.0 0.0 6.0 1.5 0.5 4
512861 P 8.0 6.0 3.5 4.5 6.0 16
493714 P 0.0 0.0 0.5 0.5 0.5 1
474643 P 0.0 0.0 1.0 0.0 6.0 4
513267 P 1.0 0.0 0.0 2.0 2.5 3
515093 P 0.0 0.0 0.0 0.0 0.0 0
513939 P 8.0 6.0 8.0 4.5 6.0 18
512960 P 0.0 5.0 2.5 1.5 0.0 5
512840 P 2.0 1.0 4.0 2.5 3.0 7
513576 P 4.5 4.0 3.5 1.5 2.0 9
514045 P 5.0 5.0 4.5 0.5 3.0 10
514165 P 1.5 0.5 6.0 2.5 1.0 6
513049 P 0.5 6.0 3.0 3.0 1.0 8
513808 P 0.0 1.5 4.0 0.5 6.0 7
513449 P 1.0 3.0 1.5 2.5 2.0 6
514068 P 1.0 6.0 2.5 2.5 2.5 8
513162 P 0.0 1.5 0.0 2.0 0.5 2
514388 CP 0
498212 P 8.0 6.0 4.5 2.0 6.0 15
513022 P 8.0 5.5 11.0 3.0 6.0 19
334675 CP 0
493932 P 1.5 1.5 0.5 0.5 5.0 5
514173 P 0.5 0.0 0.0 1.5 0.0 1
495542 P 8.0 5.0 7.0 3.0 0.0 13
517208 P 0.0 0.5 3.5 1.5 0.5 3
495605 P 5.0 5.5 0.5 0.0 3.0 8
513876 P 6.5 4.0 3.0 3.0 3.0 11
498414 P 8.0 6.0 7.5 2.5 4.0 16
514146 CP 0
474642 P 3.0 0.0 0.0 0.5 0.0 2
512841 P 8.0 6.0 10.0 3.0 5.0 18
513462 P 0.5 5.0 4.0 0.5 1.5 6
512435 P 0.0 5.5 2.0 0.5 6.0 8
512885 P 1.0 5.0 0.5 3.0 2.5 7
480843 P 0.0 0.0 2.5 2.0 0.0 3
521670 P 0.0 0.0 1.0 1.5 1.5 2
514373 P 8.0 5.0 5.5 2.0 3.0 13
520074 P 2.0 1.5 5.0 4.5 2.5 9
512843 P 1.0 0.0 0.0 0.5 0.0 1
494320 P 5.0 5.0 0.0 2.0 6.0 10
514367 P 0.0 4.5 0.0 1.5 3.0 5
514074 P 0.0 6.0 4.5 2.5 3.0 9
513460 P 0.5 0.0 0.0 0.0 0.0 0
454479 P 1.5 0.0 0.5 2.5 0.0 3
511080 P 3.0 6.0 4.5 2.0 2.5 10
512845 P 4.5 1.5 0.5 3.0 1.5 6
513230 CP 0
514679 P 0.0 6.0 1.0 2.0 3.0 7
517455 P 1.0 0.0 1.5 1.5 2.0 3
500023 P 0.0 0.0 0.5 0.5 0.0 1
475837 P 0.0 0.0 0.5 2.0 0.0 1
513457 P 0.5 0.0 0.0 1.0 2.0 2
494470 P 1.0 3.0 0.5 2.0 3.0 5
512862 P 0.0 1.5 1.5 2.0 2.5 4
509523 P 0.0 3.0 1.0 1.0 3.0 4
514369 P 7.5 5.5 5.5 2.0 4.0 14
494595 P 1.0 0.0 0.0 2.0 0.0 2
514174 P 8.0 5.0 0.5 2.5 4.5 11
512964 P 7.5 0.0 4.0 1.5 3.0 9
514686 P 0.5 0.0 2.0 2.0 2.0 4
463483 CP 0
515083 CP 0
513158 P 0.0 1.0 0.5 0.0 3.0 3
513578 P 1.0 0.0 2.5 1.5 6.0 6
489196 P 0.0 0.0 0.0 0.0 1.0 1
513455 P 4.5 4.0 3.5 0.5 1.0 8
514197 P 2.0 0.0 0.0 0.5 1.0 2
512848 P 4.5 1.0 0.0 2.0 5.0 7
513854 P 0.5 0.5 0.5 4.5 3.0 5
511077 P 7.5 6.0 0.0 2.0 5.0 11
513265 P 1.0 5.0 4.5 4.0 3.0 10
464351 CP 0
512864 P 1.0 4.0 0.0 3.0 2.0 6
523985 P 0.0 1.0 2.5 1.5 1.0 3
513029 P 4.5 0.0 1.0 0.5 5.5 6
512849 P 8.0 6.0 2.5 2.0 6.0 14
513009 P 7.5 6.0 7.5 3.5 0.0 14
512406 P 4.0 0.0 1.0 0.5 3.0 5
514233 P 0.0 5.0 5.5 1.0 2.5 8
512850 P 1.5 2.5 4.0 0.5 2.0 6
513940 P 0.0 2.0 0.0 2.0 3.0 4
474809 P 2.5 4.0 0.5 0.5 3.0 6
499603 P 1.5 6.0 0.0 2.0 3.0 7
514175 P 0.0 6.0 2.0 1.5 3.0 7
514617 P 4.0 0.5 2.0 0.5 3.0 6
512968 P 0.0 0.0 1.0 2.5 1.0 3
512969 P 4.0 0.0 0.0 0.0 0.0 2
515062 P 0.5 2.5 4.0 0.5 3.0 6
513769 P 7.5 1.5 0.0 2.5 6.0 10
512893 P 1.5 0.0 0.0 0.0 0.0 1
514202 P 3.0 6.0 4.0 2.0 3.0 10
516063 P 1.5 4.5 0.5 1.0 3.0 6
513021 P 7.5 6.0 10.0 4.5 3.0 17
474709 CP 0
514203 P 0.5 4.0 0.5 2.0 2.0 5
506998 P 8.0 6.0 8.5 4.0 6.0 18
491326 P 7.0 6.0 1.0 2.0 3.0 11
494328 P 8.0 6.0 3.0 2.5 6.0 14
512853 P 0.0 2.0 0.5 1.5 1.5 3
503700 CP 0
514246 P 0.5 0.0 0.5 2.5 1.0 3
513770 P 0.5 6.0 3.5 0.0 3.0 7
513941 P 0.0 0.0 0.0 0.0 0.0 0
512971 P 3.0 4.0 8.0 1.5 6.0 13
512972 P 1.5 6.0 2.5 0.0 1.0 6
523839 P 0.0 0.0 0.0 0.5 2.0 1
523662 P 0.5 1.5 0.5 0.0 0.0 1
513060 P 8.0 6.0 8.0 2.5 6.0 17
513023 P 0.0 0.0 0.0 0.5 0.5 1
512974 CP 0
475674 P 0.0 6.0 4.5 0.0 2.0 7
512886 P 0.0 0.0 0.0 0.0 0.0 0
513878 P 5.0 3.0 4.0 0.5 0.0 7
494740 P 0.5 0.0 1.5 2.5 1.5 3
513943 P 0.0 6.0 7.0 1.5 1.0 9
475620 P 8.0 5.0 1.0 0.0 3.0 9
514375 P 6.0 2.0 2.5 0.5 2.0 7
520580 P 0.0 0.0 0.0 0.0 0.0 0
513600 P 0.0 0.0 0.0 0.0 0.0 0
513477 P 0.5 2.0 1.0 2.0 0.0 3
514169 P 1.0 1.0 5.5 2.0 0.0 5
512896 P 8.0 6.0 4.5 2.5 6.0 15
511740 P 7.5 6.0 6.5 1.5 3.0 14
513809 P 3.0 6.0 2.5 2.5 3.0 9
510979 P 1.5 6.0 2.5 1.0 6.0 9
507862 P 0.0 2.0 7.5 2.0 2.5 8
513879 P 0.0 0.0 0.0 2.5 1.5 2
518024 P 8.0 6.0 8.0 2.0 6.0 17
513025 P 5.0 4.0 0.5 2.0 0.5 7
512978 CP 0
514377 P 1.0 0.0 1.5 3.0 1.0 4
507131 P 5.0 6.0 8.5 3.0 3.0 14
494332 P 4.0 6.0 0.5 3.0 0.0 8
513089 P 0.5 5.5 1.5 2.0 0.0 5
494333 P 0.0 6.0 6.5 1.5 0.0 8