426169 32 10.49
2
3
3
2
0
5
2
3
0
4
8
440793 36 11.80
9
0
7
0
0
5
2
1
1
1 10
440992 21 6.89
8
0
0
3
0
0
0
0
0
0 10
445382 18 5.90
6
0
0
0
0
2
0
1
0
0
9
452994 17 5.57
3
4
1
0
0
0
0
0
0
0
9
464353 12 3.93
2
0
0
0
0
0
0
0
0
0 10
470536 44 14.43
8
2 10
5
2
4
0
1
0
8
4
471298 16 5.25
6
0
0
2
0
0
0
0
0
0
8
474537 27 8.85
7
2
2
2
0
2
0
2
0
0 10
474642 7 2.30
0
0
0
0
0
0
0
0
0
0
7
474809 6 1.97
0
0
0
0
0
0
0
0
0
0
6
475620 33 10.82
0
2 10
0
0
0
0
5
1
5 10
475623 38 12.46
8
2
9
2
0
5
2
1
1
0
8
475674 44 14.43
9
2
8
2
0
1
0
5
0
7 10
475837 15 4.92
7
0
0
0
0
0
0
0
0
0
8
475843 36 11.80
5
3
7
0
0
2
0
1
0
9
9
476528 32 10.49
6
0
5
0
0
5
2
3
0
2
9
480122 49 16.07
9
2
9
2
0
5
2
4
1
5 10
480352 19 6.23
0
2
1
0
0
4
1
0
0
2
9
480593 45 14.75
9
2
5
2
0
4
2
1
0 10 10
480843 16 5.25
8
0
0
0
0
0
0
0
0
0
8
489196 17 5.57
5
0
0
2
0
0
0
0
0
0 10
489514 35 11.48
7
5
0
3
0
0
0
2
1
7 10
489755 9 2.95
1
0
0
0
0
0
0
0
0
0
8
491326 47 15.41
8
9
2
2
0
0
0
5
2
9 10
491768 47 15.41
4
4
5
2
0
5
1
4
2 10 10
493190 29 9.51
7
1
3
2
0
0
1
4
0
2
9
493192 16 5.25
6
0
0
0
0
0
0
0
0
0 10
493290 18 5.90
4
0
0
0
0
3
1
0
0
0 10
493388 41 13.44
7
1 10
2
0
5
2
2
1
3
8
4
498212 22 7.21
0
4
0
0
0
0
0
1
0
7 10
498312 17 5.57
8
0
0
0
0
0
0
0
0
0
9
498414 30 9.84
3
0
3
0
0
2
1
2
1 10
8
499353 30 9.84 10
0
2
2
0
1
0
0
0
8
7
499603 37 12.13
8
1
0
2
0
5
2
1
0
8 10
499846 22 7.21
2
1
1
2
0
4
1
0
0
2
9
499847 10 3.28
2
1
0
0
0
0
0
0
0
0
7
500023 15 4.92
2
0
0
2
0
0
0
0
0
2
9
500791 12 3.93
2
0
0
0
0
0
0
0
0
0 10
502059 18 5.90
9
1
0
0
0
1
0
0
0
0
7
502703 42 13.77
4
4
3
0
0
4
2
4
2
9 10
503700 19 6.23
3
2
0
0
0
1
0
0
0
6
7
506998 57 18.69
8 10
5
5
0
5
2
5
1
8
8
507035 24 7.87
5
0
0
0
0
0
2
2
1
4 10
507131 32 10.49
8
0
1
2
0
4
0
0
0
9
8
507862 33 10.82
6
3
1
3
0
1
1
3
0
5 10
509523 38 12.46
7
2 10
2
0
2
1
0
0
7
7
509703 24 7.87
3
1
0
0
0
2
1
0
0
7 10
510979 36 11.80
8
0
1
2
0
5
2
2
1
5 10
511077 56 18.36
8
8
6
4
0
5
2
3
1
9 10
511080 30 9.84
7
2
5
2
0
2
0
1
0
1 10
511589 62 20.33
8
3 10
5
2
5
2
5
2 10 10
511739 45 14.75
7
3
4
2
0
5
2
2
1
9 10
511740 34 11.15
9
0
0
3
0
2
0
4
1
5 10
512406 16 5.25
6
0
0
0
0
0
0
0
0
0 10
512435 18 5.90
5
2
0
2
0
0
0
0
0
0
9
512712 18 5.90
2
2
0
0
0
2
1
1
0
0 10
512823 22 7.21
5
3
1
0
0
3
1
2
0
0
7
512824 33 10.82
4
2
2
4
0
2
0
0
0
9 10
512833 16 5.25
4
0
0
0
0
0
1
0
0
1 10
512834 35 11.48
7
0
2
0
0
5
2
2
0
7 10
512840 29 9.51
3
1
1
0
0
5
2
2
1
4 10
512841 49 16.07
8
3
6
2
0
4
1
4
1 10 10
512843 14 4.59
2
1
0
0
0
0
0
0
0
1 10
512845 12 3.93
3
0
0
0
0
0
0
0
0
0
9
512848 18 5.90
3
2
0
2
0
0
0
0
0
3
8
512849 33 10.82
1
5
2
2
0
1
1
1
0 10 10
512850 47 15.41
9
4
2
1
0
5
2
5
2
9
8
512853 31 10.16
6
0 10
2
0
1
1
2
1
0
8
512856 49 16.07
6
3
6
3
0
5
2
5
2
8
9
512860 40 13.11
4
2
8
2
0
4
1
2
1
6 10
512861 50 16.39
9
4
3
2
0
5
2
5
1
9 10
512862 23 7.54
7
1
0
2
0
0
0
2
1
1
9
512864 35 11.48
7
1
1
4
2
2
0
0
0
9
9
512885 19 6.23
6
2
0
0
0
0
1
0
0
0 10
512886 21 6.89
4
1
0
0
0
5
2
0
0
1
8
512888 21 6.89
4
3
3
0
0
0
0
1
0
0 10
512890 9 2.95
2
0
0
0
0
0
0
0
0
0
7
512891 12 3.93
3
0
0
0
0
0
0
0
0
0
9
512893 18 5.90
8
0
0
0
0
0
0
0
0
0 10
512896 46 15.08
8
5
0
2
0
5
2
5
0
9 10
512898 51 16.72
10
10
0
0
0
5
2
4
2
8 10
512901 55 18.03
8
1
7
4
2
5
2
5
2
9 10
512948 8 2.62
0
0
0
0
0
0
0
0
0
0
8
512951 46 15.08
8
2
5
4
0
5
1
4
0
7 10
512954 10 3.28
2
0
0
0
0
0
0
0
0
0
8
512956 42 13.77
9
1
0
2
0
5
1
4
1
9 10
512957 12 3.93
0
0
0
0
0
0
0
0
0
3
9
512958 7 2.30
0
0
0
0
0
0
0
0
0
0
7
512960 17 5.57
5
0
3
0
0
1
0
0
0
0
8
512964 21 6.89
1
1
0
0
0
1
1
0
0
8
9
512968 28 9.18
9
0
0
0
0
5
2
1
1
0 10
512969 12 3.93
2
0
0
0
0
1
2
0
0
0
7
512971 60 19.67
8
2 10
5
2
5
2
5
2 10
9
512972 29 9.51
8
2
1
4
0
1
0
2
0
4
7
512980 17 5.57
2
0
0
0
0
2
0
2
0
1 10
512980 31 10.16
4
2
1
2
0
2
0
1
0
9 10
513009 30 9.84
9
1
0
0
0
1
2
2
1
4 10
513021 44 14.43
9
6
3
4
2
5
2
0
0
4
9
513022 70 22.95
10 
10 
10
5
2
5
2
5
2
9 10
513023 20 6.56
4
1
0
2
0
2
0
0
0
2
9
513025 36 11.80
7
1
1
2
0
4
0
2
0
9 10
513029 24 7.87
6
6
0
0
0
1
0
1
0
0 10
513049 36 11.80
10
0
5
0
0
2
0
1
0
8 10
513058 23 7.54
6
1
1
0
0
1
1
0
0
3 10
513060 58 19.02
8
8
9
2
0
5
1
4
1 10 10
513089 32 10.49
6
0
3
0
0
5
1
1
0
6 10
513156 35 11.48
6
4
0
2
0
5
2
0
0
8
8
513157 13 4.26
3
0
0
0
0
0
0
0
0
0 10
513158 16 5.25
2
1
2
2
0
1
0
0
0
0
8
513160 18 5.90
5
2
0
0
0
0
0
0
0
1 10
513162 9 2.95
2
0
0
0
0
0
0
0
0
0
7
513224 45 14.75
8
4
2
2
0
5
0
5
2
7 10
513225 54 17.70
8
2
9
2
0
5
2
5
1 10 10
513227 41 13.44
8
1
0
2
0
5
2
2
1 10 10
513230 39 12.79
5
1
2
2
0
5
2
4
0 10
8
513265 32 10.49
9
2
0
3
0
5
2
0
0
1 10
513267 9 2.95
1
0
0
0
0
0
1
0
0
0
7
513303 21 6.89
4
1
0
2
0
1
1
2
0
0 10
513449 21 6.89
5
0
1
0
0
0
0
0
0
6
9
513455 16 5.25
4
0
0
2
0
0
0
0
0
0 10
513460 11 3.61
1
0
0
0
0
0
0
0
0
0 10
513462 46 15.08
3
4
9
4
0
5
2
2
0
9
8
513467 27 8.85
7
0
0
0
0
3
1
2
0
4 10
513470 13 4.26
1
0
0
0
0
4
1
0
0
0
7
513471 60 19.67
9 10
9
2
0
5
1
5
0 10
9
513477 25 8.20
5
1
1
2
0
0
0
4
0
3
9
513484 13 4.26
3
0
0
0
0
0
0
0
0
0 10
513575 18 5.90
9
0
0
0
0
0
0
0
0
0
9
513576 30 9.84
8
1
0
4
0
3
1
0
0
5
8
513578 33 10.82
8
3
0
0
0
5
2
4
1
1
9
513597 58 19.02
10
5
7
2
0
5
2
5
2 10 10
513600 10 3.28
0
0
0
0
0
0
0
0
0
0 10
513769 19 6.23
9
0
0
0
0
0
0
0
0
0 10
513770 29 9.51
8
3
0
0
0
0
0
0
0
9
9
513775 37 12.13
6
2
0
0
0
4
2
4
1
8 10
513806 16 5.25
1
2
0
0
0
0
0
0
0
5
8
513807 18 5.90
3
2
1
0
0
0
1
0
0
1 10
513808 24 7.87
7
3
3
0
0
0
0
1
0
0 10
513809 29 9.51
9
1
0
2
0
5
2
0
0
0 10
513845 8 2.62
0
0
0
0
0
0
0
0
0
0
8
513848 22 7.21
4
1
0
2
0
0
1
5
0
1
8
513854 29 9.51
3
1
1
2
2
0
0
0
0 10 10
513876 34 11.15
9
0
3
2
0
5
2
2
1
1
9
513878 32 10.49
6
3
3
2
0
5
2
1
0
1
9
513879 11 3.61
1
0
0
0
0
0
0
0
0
0 10
513930 38 12.46
8
2
2
0
0
5
2
5
1
5
8
513931 39 12.79
9
2
0
0
0
5
2
1
1
9 10
513939 45 14.75
8
9
3
2
0
5
2
0
0
6 10
513941 15 4.92
7
0
0
0
0
1
1
0
0
0
6
513943 25 8.20
5
1
1
0
0
1
0
1
0
6 10
513979 13 4.26
4
1
0
0
0
0
0
0
0
0
8
513980 42 13.77
4
2
7
2
0
5
1
2
0
9 10
514019 39 12.79
7
4
2
2
0
0
2
3
1
8 10
514042 17 5.57
7
1
0
2
0
0
0
0
0
0
7
514043 33 10.82
6
1
0
2
0
5
2
0
1
6 10
514045 54 17.70
5
6
9
2
0
5
2
4
1 10 10
514065 12 3.93
1
1
0
0
0
0
0
0
0
0 10
514068 24 7.87
6
1
2
0
0
5
2
0
0
0
8
514074 46 15.08
3
1
3
5
2
5
2
5
1
9 10
514081 16 5.25
3
2
0
0
0
0
0
0
0
2
9
514084 69 22.62 
10
10
9
5
2
5
2
5
1 10 10
514085 55 18.03
8
9
8
0
0
5
2
2
1 10 10
514144 31 10.16
9
3
1
2
0
0
0
1
0
7
8
514146 13 4.26
2
0
0
1
0
0
0
0
0
0 10
514157 29 9.51
7
2
3
2
0
0
0
2
1
2 10
514158 21 6.89
8
0
2
0
0
0
0
1
0
0 10
514165 25 8.20
8
0
0
0
0
1
0
3
1
2 10
514169 27 8.85
7
0
0
2
0
5
2
0
0
1 10
514171 17 5.57
5
0
1
0
0
1
0
0
0
0 10
514173 12 3.93
2
0
0
0
0
0
0
0
0
0 10
514174 31 10.16
8
0
2
2
0
5
2
0
0
2 10
514175 18 5.90
7
1
0
2
0
0
0
0
0
0
8
514194 31 10.16
7
1
1
2
0
2
1
2
0
6
9
514202 28 9.18
7
2
0
2
0
4
2
1
0
0 10
514203 21 6.89
7
0
2
2
0
0
0
2
0
0
8
514233 25 8.20
3
1
1
0
0
2
0
2
0
8
8
514238 29 9.51
1
1
2
2
0
1
0
2
1
9 10
514241 10 3.28
2
0
0
0
0
0
0
0
0
0
8
514246 16 5.25
8
0
0
0
0
0
0
0
0
0
8
514277 40 13.11
9
2
0
2
0
5
1
3
0
8 10
514282 39 12.79
7
2
2
4
0
1
1
4
1
8
9
514342 49 16.07
9
2
3
4
0
5
2
5
2
9
8
514343 18 5.90 10
0
0
0
0
0
0
0
0
0
8
514345 15 4.92
4
1
0
0
0
0
0
0
0
0 10
514348 16 5.25
4
2
1
0
0
0
0
0
0
0
9
514349 21 6.89
3
7
1
0
0
0
0
0
0
0 10
514352 31 10.16
6
2
0
0
0
4
1
0
0
9
9
514356 4 1.31
0
0
0
0
0
0
0
0
0
0
4
514360 17 5.57
7
0
0
0
0
0
0
0
0
0 10
514367 38 12.46
8
3
1
5
2
0
0
0
0
9 10
514369 39 12.79
8
1
9
4
0
4
1
1
0
3
8
514372 55 18.03
9
0 10
2
0
5
2
5
2 10 10
514373 44 14.43
9
2
2
2
0
5
2
2
0 10 10
514377 20 6.56
5
0
0
0
0
2
0
0
0
3 10
514385 17 5.57
5
1
1
2
0
1
0
0
0
0
7
514412 10 3.28
3
0
0
0
0
0
0
0
0
0
7
514476 13 4.26
2
1
0
0
0
0
0
0
0
0 10
514481 20 6.56
7
0
2
0
0
0
0
0
0
3
8
514503 21 6.89
7
1
2
2
0
1
0
0
0
1
7
514548 21 6.89
5
1
0
0
0
3
0
1
0
1 10
514617 22 7.21
8
2
0
2
0
0
0
0
0
0 10
514677 36 11.80
2
1
8
2
0
5
2
3
0
3 10
514679 14 4.59
2
0
0
0
0
1
1
0
0
0 10
514686 18 5.90
2
4
0
0
0
2
0
0
0
2
8
515062 56 18.36
8
9
6
0
0
5
2
5
1 10 10
515072 32 10.49
7
1
0
0
0
2
1
2
0
9 10
515093 17 5.57
7
0
0
0
0
0
0
0
0
0 10
516063 33 10.82
9
1
0
2
0
5
2
2
1
1 10
517208 28 9.18
3
4
1
2
0
3
1
1
0
6
7
517455 15 4.92
3
0
1
0
0
1
0
0
0
0 10
517718 48 15.74
5
4
0
5
1
5
2
5
2 10
9
518024 42 13.77
4
2
3
2
0
5
2
5
2
7 10
518585 18 5.90
6
2
1
0
0
0
0
0
0
1
8
520074 50 16.39
9
1
4
4
0
5
2
5
1 10
9
521670 19 6.23
6
1
0
0
0
0
0
0
0
2 10
523662 11 3.61
2
0
0
0
0
0
0
0
0
0
9
523779 10 3.28
0
0
0
0
0
0
0
0
0
0 10
523839 18 5.90
4
2
0
2
0
2
0
0
0
0
8
523985 19 6.23
6
1
0
0
0
0
2
2
1
0
7
524191 23 7.54
2
1
0
2
0
1
1
0
0
7
9
524338 24 7.87
3
1
4
0
0
2
1
2
0
1 10